--- 2010 ---first we read integers. after - reals. IntArrays. IntDoubleDimArrays. RealArrays. RealDoubleDimArrays
--- Krukov-IV-20 
--- Chislo raschetnix dekad. Chislo dney ot 1-go jnvarj do nachala vegetazii. 
--- Data vsxodov.  Nomer kalendarnogo mesjza. Shirota
 36
 01
 01
 1
 51.45
--- Chislo dney v raschetnom mesjze :'
10 10 10 10 10 10 10 10 10 10 10 10 10 10 10 10 10 10 10 10 10 10 10 10 10 10 10 10 10 10 10 10 10 10 10 10
--- Srednjj za mesjz tempsratura vozduxa (grad. C): 
---4.3 -4.3 -4.3 -3.6 -3.6 -3.6 0.5 0.5 0.5 8.4 8.4 8.4 14.2 14.2 14.2 17.7 17.7 17.7 19.8 19.8 19.8 18.3 18.3 18.3 12.7 12.7 12.7 6.9 6.9 6.9 0.5 0.5 0.5 -4.0 -4.0 -4.0
-4.8 -3.5 -4.5 -4.7 -3.5 -2.6 -1.4 0.2 2.6 6.1 8.4 10.6 12.8 14.4 15.3 17.2 18.1 17.9 19.7 19.4 20.2 19.7 18.3 17.0 14.4 12.7 11.0 9.2 7.3 4.2 2.5 0.5 -1.6 -3.3 -3.8 -4.9
--- Summa osadkov za mesjz (mm):
---38.0 38.0 38.0 38.0 38.0 38.0 37.0 37.0 37.0 46.0 46.0 46.0 58.0 58.0 58.0 78.0 78.0 78.0 72.0 72.0 72.0 64.0 64.0 64.0 65.0 65.0 65.0 47.0 47.0 47.0 46.0 46.0 46.0 42.0 42.0 42.0
11.0 12.0 15.0 10.0 15.0 13.0 14.0 13.0 10.0 17.0 15.0 14.0 15.0 17.0 26.0 20.0 27.0 31.0 26.0 25.0 21.0 25.0 19.0 20.0 27.0 19.0 18.0 18.0 13.0 17.0 16.0 17.0 16.0 10.0 16.0 16.0
---Srednjj za mesjz otnositelnaj vlagnost vozduxa (%):
83.0 83.0 83.0 82.0 82.0 82.0 81.0 81.0 81.0 73.0 71.0 68.0 65.0 67.0 70.0 70.0 72.0 75.0 72.0 73.0 73.0 72.0 73.0 73.0 77.0 79.0 80.0 80.0 81.0 83.0 83.0 83.0 83.0 86.0 86.0 86.0
--- Uslovnaj velichina 2 (nomer mesjza goda):
1.0  2.0  3.0  4.0  5.0  6.0  7.0  8.0  9.0 10.0 11.0 12.0 13.0 14.0 15.0 16.0 17.0 18.0 19.0 20.0 21.0 22.0 23.0 24.0 25.0 26.0 27.0 28.0 29.0 30.0 31.0 32.0 33.0 34.0 35.0 36.0
--- Uslovnaj velichina 3 (Chislo dekad v decade):
--- kogda uroven gruntovix vod raven i menee 20 sm ):
0.0 
--- Uslovnaj velichina(period vegetazii kulturi):
0.0  0.0  0.0 0.0  0.0  0.0 0.0  0.0  0.0  1.0  1.0  1.0 1.0  1.0  1.0 1.0  1.0  1.0 1.0  1.0  1.0 1.0  1.0  1.0 1.0  1.0  1.0 1.0  1.0  1.0  0.0  0.0 0.0  0.0 0.0  0.0
--- M A S S I V  " I N F " - parametri modeli   :
0.000 000.900 001.000 001.000 020.000  000.001 10.000 000.200 000.000  001.000 002.58 000.200 000.170 000.050  55.000 350.000 450.000    6.000  0.150 032.000 152.000
--- M A S S I V  " Rnitr " - parametri modeli   :
10.000 003.000 025.000 020.000 010.000  12.000 000.000 000.000 040.000 000.300   0.400   0.575   0.250   0.125   0.050
--- Srednjj za mesjz glubina zaleganij gruntovix wod (cm):
---25.0 -25.0 -25.0 -25.0 -25.0 -25.0 -25.0 -25.0 -25.0 -2.0 -2.0 -2.0 -2.0 -2.0 -2.0 -2.0 -2.0 -2.0 -2.0 -2.0 -2.0 -25.0 -25.0 -25.0 -25.0 -25.0 -25.0 -25.0 -25.0 -25.0 -25.0 -25.0 -25.0 -25.0 -25.0 -25.0
---98.0 -110.0 -104.0 -94.0 -90.0 -78.0 -84.0 -89.0 -98.0 -106.0 -88.0 -70.0 -88.0 -98.0 -95.0 -90.0 -68.0 -74.0 -108.0 -117.0 -115.0 -117.0 -123.0 -89.0 -98.0 -93.0 -88.0 -84.0 -89.0 -96.0 -78.0 -82.0 -73.0 -78.0 -87.0 -100.0
-60.0 -60.0 -60.0 -60.0 -60.0 -60.0 -60.0 -60.0 -60.0 -60.0 -60.0 -60.0 -60.0 -60.0 -60.0 -60.0 -60.0 -60.0 -60.0 -60.0 -60.0 -60.0 -60.0 -60.0 -60.0 -60.0 -60.0 -60.0 -60.0 -60.0 -60.0 -60.0 -60.0 -60.0 -60.0 -60.0